intial state:
1	2	3	
4	0	5	
6	7	8	
run time = 6 millisecond
Search depth= 14
cost= 14
Number of expanded nodes: 158

--------------------------------------------------------------------------------------
path:
node:
1	2	3	
4	0	5	
6	7	8	

node:
1	2	3	
0	4	5	
6	7	8	

node:
0	2	3	
1	4	5	
6	7	8	

node:
2	0	3	
1	4	5	
6	7	8	

node:
2	3	0	
1	4	5	
6	7	8	

node:
2	3	5	
1	4	0	
6	7	8	

node:
2	3	5	
1	0	4	
6	7	8	

node:
2	0	5	
1	3	4	
6	7	8	

node:
0	2	5	
1	3	4	
6	7	8	

node:
1	2	5	
0	3	4	
6	7	8	

node:
1	2	5	
3	0	4	
6	7	8	

node:
1	2	5	
3	4	0	
6	7	8	

node:
1	2	0	
3	4	5	
6	7	8	

node:
1	0	2	
3	4	5	
6	7	8	

node:
0	1	2	
3	4	5	
6	7	8	


--------------------------------------------------------------------------------------
expanded nodes:
node 0 :
1	2	3	
4	0	5	
6	7	8	

node 1 :
1	2	3	
0	4	5	
6	7	8	

node 2 :
0	2	3	
1	4	5	
6	7	8	

node 3 :
1	0	3	
4	2	5	
6	7	8	

node 4 :
0	1	3	
4	2	5	
6	7	8	

node 5 :
1	3	0	
4	2	5	
6	7	8	

node 6 :
4	1	3	
0	2	5	
6	7	8	

node 7 :
1	2	3	
6	4	5	
0	7	8	

node 8 :
1	2	3	
4	5	0	
6	7	8	

node 9 :
1	2	3	
4	7	5	
6	0	8	

node 10 :
2	0	3	
1	4	5	
6	7	8	

node 11 :
1	2	0	
4	5	3	
6	7	8	

node 12 :
1	0	2	
4	5	3	
6	7	8	

node 13 :
0	1	2	
4	5	3	
6	7	8	

node 14 :
4	1	2	
0	5	3	
6	7	8	

node 15 :
1	5	2	
4	0	3	
6	7	8	

node 16 :
1	5	2	
0	4	3	
6	7	8	

node 17 :
0	5	2	
1	4	3	
6	7	8	

node 18 :
2	3	0	
1	4	5	
6	7	8	

node 19 :
1	3	5	
4	2	0	
6	7	8	

node 20 :
1	3	5	
4	0	2	
6	7	8	

node 21 :
1	3	5	
0	4	2	
6	7	8	

node 22 :
0	3	5	
1	4	2	
6	7	8	

node 23 :
1	0	5	
4	3	2	
6	7	8	

node 24 :
0	1	5	
4	3	2	
6	7	8	

node 25 :
1	2	3	
4	7	5	
0	6	8	

node 26 :
4	1	3	
2	0	5	
6	7	8	

node 27 :
1	2	3	
6	4	5	
7	0	8	

node 28 :
1	2	3	
0	7	5	
4	6	8	

node 29 :
1	5	2	
4	3	0	
6	7	8	

node 30 :
0	2	3	
1	7	5	
4	6	8	

node 31 :
2	4	3	
1	0	5	
6	7	8	

node 32 :
1	2	3	
4	5	8	
6	7	0	

node 33 :
1	2	3	
4	7	5	
6	8	0	

node 34 :
4	1	3	
6	2	5	
0	7	8	

node 35 :
2	4	3	
0	1	5	
6	7	8	

node 36 :
3	0	5	
1	4	2	
6	7	8	

node 37 :
4	1	5	
0	3	2	
6	7	8	

node 38 :
0	4	3	
2	1	5	
6	7	8	

node 39 :
1	2	3	
6	0	5	
7	4	8	

node 40 :
4	1	2	
5	0	3	
6	7	8	

node 41 :
4	1	5	
3	0	2	
6	7	8	

node 42 :
4	0	3	
2	1	5	
6	7	8	

node 43 :
2	3	5	
1	4	0	
6	7	8	

node 44 :
1	3	5	
6	4	2	
0	7	8	

node 45 :
1	5	0	
4	3	2	
6	7	8	

node 46 :
4	1	2	
6	5	3	
0	7	8	

node 47 :
1	5	2	
6	4	3	
0	7	8	

node 48 :
1	2	3	
4	7	0	
6	8	5	

node 49 :
1	2	3	
4	5	8	
6	0	7	

node 50 :
1	2	3	
7	0	5	
4	6	8	

node 51 :
4	1	2	
5	3	0	
6	7	8	

node 52 :
5	0	2	
1	4	3	
6	7	8	

node 53 :
1	3	5	
4	7	2	
6	0	8	

node 54 :
1	5	2	
4	7	3	
6	0	8	

node 55 :
1	2	3	
0	6	5	
7	4	8	

node 56 :
1	0	3	
6	2	5	
7	4	8	

node 57 :
0	1	3	
6	2	5	
7	4	8	

node 58 :
1	3	5	
4	2	8	
6	7	0	

node 59 :
1	2	0	
4	7	3	
6	8	5	

node 60 :
1	0	2	
4	7	3	
6	8	5	

node 61 :
0	1	2	
4	7	3	
6	8	5	

node 62 :
4	3	0	
2	1	5	
6	7	8	

node 63 :
1	2	3	
6	4	5	
7	8	0	

node 64 :
1	2	3	
4	0	8	
6	5	7	

node 65 :
1	2	3	
0	4	8	
6	5	7	

node 66 :
0	2	3	
1	4	8	
6	5	7	

node 67 :
0	2	3	
1	6	5	
7	4	8	

node 68 :
1	2	3	
4	0	7	
6	8	5	

node 69 :
1	2	3	
0	4	7	
6	8	5	

node 70 :
0	2	3	
1	4	7	
6	8	5	

node 71 :
4	1	3	
2	7	5	
6	0	8	

node 72 :
4	1	3	
2	5	0	
6	7	8	

node 73 :
2	3	5	
1	0	4	
6	7	8	

node 74 :
1	5	2	
4	3	8	
6	7	0	

node 75 :
4	1	3	
6	2	5	
7	0	8	

node 76 :
4	0	5	
3	1	2	
6	7	8	

node 77 :
0	4	5	
3	1	2	
6	7	8	

node 78 :
4	1	2	
0	7	3	
6	8	5	

node 79 :
2	0	5	
1	3	4	
6	7	8	

node 80 :
0	2	5	
1	3	4	
6	7	8	

node 81 :
4	0	2	
5	1	3	
6	7	8	

node 82 :
0	4	2	
5	1	3	
6	7	8	

node 83 :
2	3	5	
0	1	4	
6	7	8	

node 84 :
1	0	3	
7	2	5	
4	6	8	

node 85 :
0	1	3	
7	2	5	
4	6	8	

node 86 :
0	3	5	
2	1	4	
6	7	8	

node 87 :
4	1	0	
2	5	3	
6	7	8	

node 88 :
1	3	0	
6	2	5	
7	4	8	

node 89 :
3	4	5	
1	0	2	
6	7	8	

node 90 :
3	5	0	
1	4	2	
6	7	8	

node 91 :
2	4	3	
1	5	0	
6	7	8	

node 92 :
2	4	3	
1	7	5	
6	0	8	

node 93 :
3	4	5	
0	1	2	
6	7	8	

node 94 :
1	2	5	
0	3	4	
6	7	8	

node 95 :
1	3	5	
4	2	8	
6	0	7	

node 96 :
2	0	3	
1	7	5	
4	6	8	

node 97 :
4	1	5	
3	2	0	
6	7	8	

node 98 :
4	1	0	
3	2	5	
6	7	8	

node 99 :
1	0	3	
4	2	8	
6	5	7	

node 100 :
0	1	3	
4	2	8	
6	5	7	

node 101 :
1	0	3	
4	2	7	
6	8	5	

node 102 :
0	1	3	
4	2	7	
6	8	5	

node 103 :
3	5	2	
1	4	0	
6	7	8	

node 104 :
1	2	3	
4	5	8	
0	6	7	

node 105 :
2	4	3	
6	1	5	
0	7	8	

node 106 :
4	1	3	
6	0	5	
7	2	8	

node 107 :
1	2	5	
3	0	4	
6	7	8	

node 108 :
4	1	0	
5	3	2	
6	7	8	

node 109 :
1	3	5	
4	7	2	
0	6	8	

node 110 :
1	5	2	
4	7	3	
0	6	8	

node 111 :
1	7	2	
4	0	3	
6	8	5	

node 112 :
1	7	2	
0	4	3	
6	8	5	

node 113 :
0	7	2	
1	4	3	
6	8	5	

node 114 :
4	1	5	
6	3	2	
0	7	8	

node 115 :
2	4	0	
1	5	3	
6	7	8	

node 116 :
1	2	3	
6	4	0	
7	8	5	

node 117 :
1	2	3	
6	5	0	
7	4	8	

node 118 :
4	1	5	
3	7	2	
6	0	8	

node 119 :
1	5	2	
6	4	3	
7	0	8	

node 120 :
6	1	3	
0	2	5	
7	4	8	

node 121 :
1	2	3	
0	5	8	
4	6	7	

node 122 :
1	5	2	
4	3	8	
6	0	7	

node 123 :
1	3	5	
6	4	2	
7	0	8	

node 124 :
4	1	2	
6	5	3	
7	0	8	

node 125 :
4	1	2	
5	7	3	
6	0	8	

node 126 :
4	0	1	
2	5	3	
6	7	8	

node 127 :
0	4	1	
2	5	3	
6	7	8	

node 128 :
2	3	5	
1	4	8	
6	7	0	

node 129 :
1	3	0	
7	2	5	
4	6	8	

node 130 :
1	2	3	
7	6	5	
4	0	8	

node 131 :
1	5	2	
0	7	3	
4	6	8	

node 132 :
1	3	5	
0	7	2	
4	6	8	

node 133 :
2	0	4	
1	5	3	
6	7	8	

node 134 :
0	2	4	
1	5	3	
6	7	8	

node 135 :
4	0	1	
3	2	5	
6	7	8	

node 136 :
0	4	1	
3	2	5	
6	7	8	

node 137 :
4	1	3	
2	7	5	
0	6	8	

node 138 :
1	2	0	
6	4	3	
7	8	5	

node 139 :
1	0	2	
6	4	3	
7	8	5	

node 140 :
0	1	2	
6	4	3	
7	8	5	

node 141 :
1	2	0	
6	5	3	
7	4	8	

node 142 :
1	0	2	
6	5	3	
7	4	8	

node 143 :
0	1	2	
6	5	3	
7	4	8	

node 144 :
1	3	5	
4	0	8	
6	2	7	

node 145 :
1	3	5	
0	4	8	
6	2	7	

node 146 :
0	3	5	
1	4	8	
6	2	7	

node 147 :
0	2	3	
1	5	8	
4	6	7	

node 148 :
5	4	2	
1	0	3	
6	7	8	

node 149 :
1	2	3	
7	6	5	
0	4	8	

node 150 :
1	0	5	
4	3	8	
6	2	7	

node 151 :
0	1	5	
4	3	8	
6	2	7	

node 152 :
5	4	2	
0	1	3	
6	7	8	

node 153 :
3	0	5	
2	1	4	
6	7	8	

node 154 :
1	2	5	
3	4	0	
6	7	8	

node 155 :
1	2	0	
3	4	5	
6	7	8	

node 156 :
1	0	2	
3	4	5	
6	7	8	

node 157 :
0	1	2	
3	4	5	
6	7	8	

